2
2
2
2
3
4
6
6
7
10
12
12
12
12
14
14
17
18
19
20
21
22
24
26
29
30
30
30
31
31
33
36
38
38
39
39
39
40
41
42
43
45
49
49
50
50
51
51
56
57
57
58
59
60
61
61
62
63
65
66
68
69
70
72
72
74
75
76
78
79
80
80
81
82
83
85
86
86
87
88
88
89
89
90
96
97
98
98
98
98
100
100
100
100
101
102
102
103
104
104
104
107
107
108
108
108
109
110
111
113
114
114
114
114
117
119
119
120
120
120
120
122
122
122
125
125
125
127
127
131
131
132
133
133
134
134
135
135
136
136
136
136
137
139
139
139
139
142
143
143
146
146
147
147
147
151
152
152
152
154
155
155
156
158
159
160
161
165
165
167
171
172
174
175
180
180
181
183
184
185
186
186
188
189
189
190
191
191
191
192
192
193
194
194
198
198
199
200
201
201
204
205
206
206
206
206
206
206
209
209
210
211
211
215
215
215
216
216
216
217
218
219
219
219
221
222
224
225
226
227
229
229
230
231
232
234
236
236
236
237
238
238
238
240
240
241
241
241
241
241
242
242
242
243
245
247
249
249
250
251
254
256
256
256
260
261
262
263
263
265
266
268
268
270
272
273
274
274
276
276
277
278
278
279
279
279
280
280
280
280
281
281
281
282
283
284
285
287
289
292
295
297
297
299
299
300
300
301
305
305
306
307
307
309
310
310
310
310
310
318
321
322
324
326
327
328
330
330
331
331
331
332
332
332
333
334
336
337
337
338
339
342
343
346
346
348
349
350
352
353
354
355
356
357
357
358
358
358
359
360
361
361
362
362
363
363
365
367
368
368
369
370
371
371
371
372
372
373
374
375
375
376
378
379
380
381
381
381
381
381
382
382
383
384
384
385
389
389
391
391
391
392
394
394
397
397
399
400
400
403
403
404
404
405
406
407
408
409
409
409
410
411
415
415
415
416
420
420
421
421
423
424
426
427
429
429
429
430
431
432
432
434
435
439
440
441
444
445
446
447
448
449
449
450
451
453
455
456
459
460
461
461
462
462
465
469
473
473
473
474
475
475
476
476
477
477
478
479
480
480
480
481
490
490
490
491
491
492
492
492
493
493
493
494
495
497
497
497
498
502
502
503
504
504
505
505
505
506
508
511
511
511
511
512
513
513
513
514
514
514
515
517
519
520
522
524
526
526
526
526
528
528
529
533
533
534
534
535
536
538
539
541
542
544
546
549
552
552
553
554
554
555
556
556
557
557
558
560
561
562
563
563
564
565
565
566
566
566
567
567
568
568
568
569
570
571
573
574
577
577
577
577
579
580
582
584
584
585
586
587
587
587
589
590
590
591
592
592
593
594
595
598
598
599
600
601
601
603
604
605
607
609
609
610
611
612
615
615
615
615
619
620
624
624
625
626
629
630
630
630
630
634
638
639
641
643
643
644
645
646
646
647
649
650
651
651
652
656
656
656
657
657
658
660
660
660
661
664
664
664
664
665
666
668
669
672
672
672
672
673
674
675
675
676
678
680
680
680
683
683
685
686
686
687
687
690
691
691
692
693
695
695
697
701
705
705
706
707
708
708
710
711
711
712
712
713
714
715
716
716
718
718
719
720
720
721
722
723
723
723
724
725
725
725
729
731
733
733
734
734
739
741
741
743
744
745
746
746
746
747
748
748
748
749
749
750
750
752
753
754
754
754
755
758
760
760
761
761
761
763
764
766
766
767
768
770
770
771
773
773
774
774
774
775
776
776
779
781
781
782
783
784
784
785
785
785
788
792
792
793
795
797
798
798
799
800
800
801
803
803
805
805
809
810
812
813
813
814
815
816
816
817
819
819
821
822
823
824
828
829
829
834
835
835
835
836
836
837
839
839
840
840
840
841
841
842
842
844
846
846
846
848
848
849
850
850
852
852
855
855
856
856
857
857
859
860
861
863
863
864
867
867
868
868
869
870
871
871
872
875
876
877
877
878
878
880
881
881
881
882
883
883
885
886
887
887
887
888
888
890
891
892
895
896
896
900
901
902
904
905
905
905
907
907
908
908
908
909
909
909
910
911
911
911
912
912
915
915
915
916
917
917
918
919
921
922
922
923
924
925
929
930
931
931
933
937
937
938
939
939
939
940
941
941
941
942
942
942
945
946
946
947
947
948
949
950
950
952
952
952
954
957
957
958
960
961
962
962
964
964
964
964
964
965
965
965
967
969
970
973
973
974
978
980
980
981
985
987
988
988
988
989
989
990
991
992
993
994
994
995
995
995
996
997
998
1000
1001
1001
1001
1004
1007
1008
1009
1011
1011
1012
1013
1015
1017
1017
1018
1021
1021
1022
1023
1029
1029
1030
1031
1031
1032
1032
1033
1033
1036
1036
1037
1037
1038
1038
1038
1038
1039
1041
1042
1043
1043
1044
1046
1046
1047
1047
1048
1048
1049
1051
1051
1051
1051
1051
1053
1054
1055
1055
1055
1056
1056
1057
1058
1060
1061
1061
1061
1062
1062
1063
1066
1066
1067
1067
1071
1071
1072
1072
1074
1074
1074
1080
1080
1081
1081
1082
1082
1083
1086
1086
1088
1088
1090
1090
1090
1091
1092
1092
1092
1093
1094
1094
1095
1096
1097
1097
1098
1100
1101
1102
1102
1103
1103
1104
1104
1104
1106
1108
1109
1110
1117
1118
1119
1119
1120
1120
1121
1122
1123
1123
1123
1125
1126
1128
1128
1129
1130
1131
1132
1132
1132
1133
1133
1135
1136
1138
1138
1139
1139
1139
1140
1142
1142
1142
1144
1146
1146
1148
1148
1153
1157
1158
1159
1160
1160
1160
1161
1164
1164
1164
1165
1165
1165
1166
1166
1168
1170
1170
1171
1171
1171
1171
1171
1171
1174
1175
1176
1177
1177
1178
1178
1179
1180
1180
1180
1181
1182
1183
1183
1184
1184
1186
1186
1186
1187
1187
1188
1189
1189
1190
1190
1190
1191
1192
1194
1194
1199
1200
1202
1202
1202
1203
1203
1204
1204
1206
1208
1209
1210
1211
1212
1212
1212
1213
1215
1217
1219
1220
1221
1221
1222
1224
1225
1225
1225
1227
1227
1228
1228
1231
1234
1234
1235
1235
1235
1236
1240
1240
1240
1243
1245
1245
1248
1248
1249
1249
1250
1252
1252
1253
1254
1255
1256
1256
1256
1257
1258
1259
1260
1260
1261
1262
1263
1265
1265
1268
1270
1270
1270
1271
1273
1275
1277
1279
1280
1283
1286
1288
1289
1289
1290
1291
1293
1294
1294
1295
1295
1296
1298
1299
1300
1300
1301
1301
1302
1302
1302
1303
1304
1305
1305
1305
1306
1309
1310
1311
1313
1315
1316
1316
1316
1317
1317
1317
1318
1320
1321
1323
1323
1324
1325
1326
1326
1328
1328
1331
1331
1333
1333
1333
1334
1335
1336
1336
1337
1337
1337
1338
1339
1339
1340
1341
1341
1341
1345
1346
1346
1347
1348
1348
1349
1349
1350
1350
1353
1354
1354
1354
1356
1356
1357
1358
1358
1359
1359
1360
1360
1361
1361
1362
1363
1366
1366
1366
1369
1369
1369
1371
1371
1373
1373
1374
1374
1376
1376
1379
1380
1380
1380
1380
1383
1383
1383
1385
1385
1386
1387
1388
1389
1389
1391
1391
1391
1392
1393
1393
1398
1398
1399
1400
1401
1401
1401
1401
1403
1404
1406
1407
1408
1409
1410
1412
1412
1413
1414
1415
1415
1419
1420
1423
1425
1427
1427
1429
1430
1432
1432
1432
1432
1433
1433
1435
1435
1435
1436
1436
1436
1436
1438
1440
1440
1442
1444
1445
1445
1448
1448
1449
1451
1452
1452
1454
1454
1454
1457
1460
1464
1466
1466
1466
1466
1468
1470
1470
1471
1472
1472
1473
1473
1475
1477
1481
1482
1482
1485
1490
1490
1491
1491
1492
1493
1494
1494
1499
1501
1501
1502
1502
1506
1507
1508
1511
1511
1512
1512
1513
1514
1515
1516
1516
1517
1518
1518
1518
1520
1520
1521
1521
1524
1526
1527
1531
1532
1533
1534
1535
1535
1535
1536
1536
1536
1537
1540
1540
1541
1542
1543
1543
1544
1544
1545
1546
1546
1546
1548
1549
1550
1550
1551
1551
1551
1552
1553
1553
1554
1555
1556
1557
1558
1558
1558
1558
1559
1559
1560
1560
1561
1562
1563
1564
1564
1565
1565
1567
1568
1569
1571
1571
1572
1573
1573
1574
1574
1575
1576
1578
1579
1579
1580
1581
1581
1582
1582
1582
1583
1583
1585
1585
1586
1587
1587
1588
1589
1590
1590
1591
1592
1593
1594
1594
1595
1596
1596
1596
1600
1602
1603
1603
1604
1604
1605
1605
1605
1605
1605
1606
1606
1607
1608
1608
1609
1609
1609
1610
1614
1615
1617
1617
1619
1620
1620
1622
1623
1623
1624
1625
1626
1628
1629
1630
1632
1633
1633
1635
1635
1638
1638
1638
1638
1638
1639
1640
1647
1649
1649
1651
1651
1654
1655
1656
1658
1658
1662
1663
1664
1665
1666
1668
1668
1669
1672
1672
1672
1672
1672
1674
1674
1675
1677
1678
1679
1680
1680
1680
1681
1685
1687
1689
1690
1690
1691
1691
1692
1694
1695
1695
1699
1700
1700
1701
1705
1706
1707
1709
1709
1710
1710
1711
1712
1712
1713
1715
1716
1716
1718
1719
1720
1720
1722
1724
1725
1725
1727
1728
1728
1729
1729
1730
1731
1731
1731
1731
1732
1732
1732
1734
1735
1736
1736
1740
1741
1744
1745
1746
1746
1746
1747
1750
1751
1752
1753
1753
1754
1758
1758
1758
1759
1760
1762
1769
1771
1772
1774
1775
1776
1777
1778
1779
1780
1784
1785
1788
1791
1792
1794
1795
1797
1799
1800
1802
1803
1803
1803
1803
1804
1804
1805
1805
1807
1807
1807
1808
1809
1809
1809
1811
1813
1814
1815
1816
1817
1817
1818
1818
1818
1819
1819
1820
1820
1822
1822
1823
1823
1824
1824
1824
1826
1826
1827
1828
1829
1830
1833
1833
1837
1839
1839
1841
1842
1844
1844
1844
1846
1846
1847
1849
1850
1850
1851
1851
1854
1854
1855
1856
1856
1859
1860
1860
1861
1862
1863
1863
1864
1864
1865
1866
1866
1868
1870
1871
1872
1874
1875
1875
1876
1877
1881
1882
1882
1883
1884
1885
1887
1887
1888
1888
1889
1890
1890
1890
1892
1893
1895
1897
1898
1900
1901
1903
1903
1903
1905
1905
1906
1907
1907
1909
1910
1911
1912
1914
1916
1916
1918
1919
1919
1919
1920
1921
1923
1924
1924
1927
1928
1928
1928
1932
1933
1934
1935
1940
1942
1944
1944
1945
1948
1948
1949
1950
1952
1954
1955
1955
1958
1958
1960
1961
1962
1963
1965
1965
1966
1970
1970
1971
1972
1973
1974
1975
1975
1978
1979
1979
1979
1980
1980
1981
1981
1981
1982
1983
1984
1984
1984
1985
1986
1987
1989
1989
1989
1989
1989
1989
1990
1991
1993
1994
1994
1995
1995
1996
1996
1997
1998
1998
1999
2000
2001
2003
2003
2004
2005
2005
2006
2007
2009
2011
2012
2013
2014
2015
2016
2016
2017
2018
2018
2019
2021
2023
2024
2025
2025
2027
2027
2027
2028
2029
2032
2033
2034
2034
2034
2036
2037
2037
2038
2041
2041
2041
2043
2044
2046
2047
2051
2051
2052
2053
2054
2054
2056
2056
2057
2063
2065
2066
2071
2072
2072
2072
2074
2077
2078
2078
2078
2079
2079
2081
2081
2083
2084
2084
2084
2085
2087
2087
2087
2088
2088
2089
2090
2092
2093
2095
2095
2095
2095
2097
2099
2100
2101
2102
2102
2102
2102
2104
2104
2105
2105
2107
2108
2110
2111
2111
2111
2112
2113
2113
2114
2115
2116
2116
2116
2117
2118
2119
2119
2119
2120
2121
2122
2122
2123
2123
2123
2124
2125
2126
2126
2126
2128
2130
2130
2131
2134
2138
2138
2138
2139
2139
2139
2139
2140
2141
2143
2145
2146
2147
2147
2147
2147
2147
2148
2152
2156
2157
2157
2159
2160
2161
2161
2162
2165
2167
2169
2170
2171
2172
2172
2173
2173
2174
2178
2178
2178
2179
2179
2179
2180
2180
2180
2183
2183
2185
2185
2187
2188
2188
2188
2189
2189
2195
2197
2199
2200
2200
2202
2203
2207
2207
2209
2209
2209
2210
2210
2211
2211
2214
2215
2215
2216
2217
2219
2220
2221
2221
2221
2221
2224
2224
2225
2225
2226
2226
2229
2229
2230
2232
2234
2234
2236
2237
2239
2240
2240
2241
2242
2243
2244
2244
2245
2245
2246
2247
2249
2251
2254
2254
2257
2257
2257
2258
2259
2259
2261
2261
2261
2262
2263
2263
2263
2264
2265
2265
2266
2267
2268
2268
2271
2272
2273
2274
2277
2279
2279
2280
2283
2283
2286
2287
2287
2288
2288
2289
2290
2291
2292
2295
2295
2297
2297
2298
2298
2298
2299
2299
2300
2301
2301
2302
2302
2304
2304
2304
2305
2306
2307
2307
2308
2310
2310
2312
2313
2314
2317
2318
2319
2320
2322
2323
2323
2325
2325
2326
2327
2328
2328
2329
2330
2330
2330
2331
2332
2332
2334
2335
2335
2338
2339
2340
2341
2341
2341
2341
2342
2342
2344
2344
2346
2346
2347
2348
2349
2351
2353
2354
2355
2356
2357
2358
2358
2359
2360
2361
2361
2363
2365
2367
2367
2368
2368
2369
2370
2371
2371
2372
2373
2373
2374
2374
2375
2376
2376
2376
2376
2376
2377
2377
2379
2379
2380
2386
2386
2389
2389
2390
2391
2391
2392
2392
2393
2395
2395
2396
2396
2396
2397
2398
2399
2400
2401
2401
2402
2404
2406
2406
2407
2408
2410
2412
2414
2415
2415
2416
2417
2418
2420
2420
2422
2423
2423
2423
2424
2427
2427
2428
2428
2430
2430
2430
2431
2431
2432
2434
2438
2439
2439
2440
2440
2441
2443
2443
2443
2446
2446
2448
2448
2448
2449
2450
2450
2453
2454
2454
2455
2456
2457
2458
2458
2458
2458
2458
2461
2462
2463
2463
2464
2464
2465
2467
2469
2469
2469
2469
2472
2473
2477
2478
2479
2480
2481
2481
2482
2483
2484
2484
2485
2487
2487
2489
2490
2491
2491
2492
2493
2493
2493
2493
2494
2494
2496
2498
2498
2499
2499
2500
2500
2502
2503
2505
2506
2508
2508
2510
2510
2511
2511
2511
2511
2512
2513
2513
2513
2513
2514
2515
2515
2516
2516
2518
2518
2519
2520
2520
2523
2523
2524
2527
2528
2528
2532
2533
2533
2534
2535
2535
2536
2536
2537
2539
2539
2540
2540
2540
2542
2542
2542
2543
2543
2543
2543
2543
2544
2544
2544
2545
2546
2546
2547
2547
2547
2547
2548
2549
2551
2552
2554
2554
2555
2557
2561
2565
2566
2567
2567
2567
2568
2570
2577
2579
2579
2581
2581
2582
2583
2583
2584
2584
2585
2586
2588
2588
2589
2594
2595
2598
2598
2598
2600
2601
2602
2602
2602
2602
2605
2605
2606
2606
2606
2607
2609
2610
2611
2612
2614
2614
2614
2615
2617
2617
2618
2625
2626
2627
2627
2627
2629
2629
2629
2630
2631
2632
2633
2634
2635
2636
2638
2642
2642
2644
2644
2650
2650
2650
2651
2651
2653
2654
2654
2656
2657
2657
2659
2659
2660
2660
2660
2661
2663
2665
2665
2667
2667
2668
2669
2671
2672
2672
2673
2673
2675
2676
2676
2677
2677
2678
2679
2680
2680
2682
2683
2687
2687
2687
2688
2688
2689
2691
2695
2696
2697
2698
2698
2699
2699
2700
2701
2702
2702
2703
2704
2704
2708
2711
2712
2713
2713
2714
2715
2716
2716
2717
2717
2719
2719
2720
2720
2721
2721
2722
2722
2724
2724
2725
2725
2726
2726
2727
2728
2728
2729
2730
2732
2733
2734
2734
2734
2736
2737
2737
2737
2738
2738
2738
2739
2740
2740
2741
2741
2742
2742
2743
2744
2745
2746
2747
2748
2750
2750
2751
2753
2754
2756
2756
2757
2758
2759
2759
2760
2761
2762
2764
2766
2767
2769
2769
2769
2769
2772
2774
2775
2775
2775
2777
2778
2779
2779
2780
2780
2781
2783
2784
2785
2786
2786
2788
2788
2789
2789
2791
2791
2793
2794
2796
2796
2796
2798
2798
2800
2801
2801
2802
2802
2805
2807
2807
2811
2812
2814
2814
2815
2817
2818
2818
2821
2823
2825
2827
2827
2828
2829
2830
2831
2832
2832
2833
2835
2836
2837
2837
2838
2839
2839
2840
2840
2840
2840
2844
2845
2848
2849
2850
2850
2851
2851
2852
2858
2858
2858
2860
2861
2861
2862
2864
2864
2864
2865
2865
2867
2869
2871
2872
2872
2872
2873
2873
2873
2873
2874
2874
2876
2877
2878
2880
2880
2880
2881
2881
2883
2883
2883
2884
2884
2886
2888
2888
2889
2890
2890
2891
2891
2892
2893
2893
2893
2893
2893
2894
2895
2897
2897
2898
2900
2902
2902
2904
2905
2905
2905
2905
2906
2907
2908
2909
2909
2911
2912
2914
2915
2915
2916
2916
2917
2918
2919
2922
2922
2923
2924
2926
2928
2929
2930
2931
2931
2935
2935
2936
2938
2938
2939
2941
2941
2941
2941
2941
2942
2945
2946
2947
2947
2948
2948
2949
2949
2950
2950
2951
2951
2955
2955
2955
2956
2957
2957
2957
2958
2958
2959
2959
2962
2963
2965
2969
2972
2973
2974
2974
2975
2976
2976
2978
2981
2981
2982
2983
2983
2984
2984
2985
2987
2988
2988
2989
2990
2992
2995
2997
2998
2999
2999
3001
3003
3003
3005
3005
3006
3008
3011
3012
3013
3013
3014
3014
3015
3015
3016
3016
3017
3019
3019
3022
3027
3029
3032
3033
3035
3035
3035
3036
3036
3037
3037
3039
3040
3042
3043
3044
3044
3046
3046
3047
3047
3049
3049
3050
3051
3051
3053
3053
3054
3055
3056
3057
3058
3059
3059
3060
3060
3060
3061
3062
3062
3063
3065
3067
3068
3070
3071
3072
3072
3074
3082
3085
3087
3087
3088
3088
3088
3088
3088
3090
3092
3093
3096
3098
3099
3100
3100
3100
3102
3103
3104
3106
3106
3109
3110
3113
3113
3115
3115
3118
3118
3118
3118
3119
3120
3121
3122
3124
3124
3125
3127
3127
3131
3132
3133
3135
3137
3138
3145
3149
3150
3150
3150
3152
3152
3153
3153
3153
3155
3156
3157
3158
3161
3162
3164
3166
3167
3168
3170
3170
3173
3174
3174
3177
3178
3179
3181
3182
3183
3185
3189
3192
3194
3195
3196
3196
3197
3197
3198
3201
3208
3209
3209
3209
3209
3211
3212
3212
3215
3216
3217
3217
3218
3219
3224
3225
3226
3227
3227
3227
3228
3228
3228
3229
3230
3232
3233
3233
3233
3234
3234
3236
3239
3240
3241
3242
3243
3243
3243
3244
3248
3249
3250
3252
3252
3253
3253
3253
3254
3254
3256
3256
3256
3257
3259
3260
3262
3262
3263
3264
3264
3265
3266
3267
3270
3270
3274
3276
3277
3284
3288
3292
3293
3295
3296
3297
3299
3300
3300
3300
3300
3301
3301
3301
3304
3305
3305
3308
3311
3314
3316
3317
3318
3319
3319
3320
3322
3324
3324
3327
3328
3328
3331
3334
3335
3336
3337
3337
3338
3340
3342
3342
3343
3344
3346
3348
3348
3348
3349
3349
3350
3350
3351
3351
3351
3352
3354
3354
3356
3356
3356
3358
3359
3365
3367
3368
3369
3369
3370
3370
3374
3374
3375
3375
3377
3378
3380
3380
3381
3384
3384
3387
3388
3388
3388
3389
3389
3389
3390
3391
3392
3392
3393
3395
3398
3398
3399
3400
3401
3402
3403
3403
3403
3404
3404
3405
3406
3406
3406
3406
3408
3411
3412
3413
3414
3415
3416
3417
3418
3421
3421
3422
3423
3424
3424
3425
3425
3425
3425
3427
3427
3427
3428
3428
3429
3430
3432
3432
3434
3436
3436
3436
3438
3438
3438
3439
3440
3440
3441
3442
3442
3442
3443
3444
3445
3445
3446
3447
3447
3447
3448
3449
3449
3449
3451
3452
3454
3456
3456
3459
3460
3460
3460
3461
3461
3463
3463
3464
3464
3465
3466
3468
3470
3471
3472
3473
3473
3473
3474
3474
3475
3476
3477
3478
3478
3479
3480
3481
3482
3482
3482
3483
3484
3486
3486
3487
3488
3488
3488
3489
3490
3492
3492
3493
3493
3494
3495
3496
3501
3502
3502
3502
3504
3507
3507
3513
3513
3513
3513
3514
3514
3516
3516
3516
3517
3518
3518
3519
3520
3521
3521
3522
3523
3523
3526
3526
3530
3532
3534
3535
3535
3536
3538
3538
3538
3539
3541
3541
3541
3541
3542
3542
3543
3544
3546
3548
3548
3553
3553
3554
3555
3557
3558
3558
3558
3558
3560
3561
3562
3562
3564
3567
3567
3568
3569
3570
3570
3570
3570
3571
3571
3572
3574
3577
3577
3578
3580
3581
3582
3582
3583
3584
3584
3586
3587
3588
3590
3590
3591
3596
3596
3596
3597
3598
3598
3598
3599
3599
3600
3605
3605
3606
3606
3608
3610
3614
3614
3616
3617
3619
3619
3619
3621
3622
3623
3624
3625
3626
3628
3630
3630
3631
3631
3633
3639
3639
3639
3640
3641
3643
3644
3644
3650
3651
3652
3655
3656
3661
3662
3662
3663
3664
3665
3668
3669
3670
3670
3670
3671
3672
3673
3674
3674
3674
3676
3677
3680
3681
3682
3685
3686
3686
3686
3687
3688
3689
3689
3689
3691
3691
3691
3692
3695
3695
3695
3696
3696
3697
3699
3699
3699
3700
3705
3707
3707
3709
3709
3709
3710
3711
3711
3711
3713
3717
3718
3718
3719
3719
3720
3722
3725
3727
3727
3729
3732
3732
3734
3734
3735
3740
3741
3742
3742
3743
3744
3744
3744
3745
3746
3746
3746
3748
3750
3750
3750
3751
3753
3754
3754
3755
3755
3756
3757
3758
3758
3759
3760
3761
3762
3763
3763
3764
3765
3766
3766
3767
3768
3768
3768
3770
3770
3771
3773
3775
3776
3776
3777
3778
3778
3778
3779
3779
3779
3780
3781
3782
3782
3782
3782
3785
3790
3791
3792
3793
3795
3796
3797
3797
3799
3799
3800
3800
3800
3801
3801
3803
3803
3805
3806
3808
3808
3815
3817
3817
3818
3821
3822
3823
3824
3829
3829
3830
3834
3836
3837
3838
3840
3841
3841
3844
3845
3846
3846
3847
3848
3848
3849
3851
3853
3853
3853
3854
3857
3857
3858
3860
3860
3861
3863
3863
3865
3867
3869
3870
3870
3871
3871
3872
3873
3875
3877
3877
3878
3880
3881
3885
3885
3886
3886
3887
3887
3889
3889
3890
3891
3891
3892
3892
3894
3894
3895
3896
3897
3897
3898
3898
3899
3900
3900
3901
3901
3903
3904
3905
3905
3906
3907
3909
3910
3910
3913
3916
3918
3918
3919
3921
3922
3923
3923
3924
3925
3925
3926
3926
3927
3928
3928
3929
3931
3931
3933
3933
3933
3934
3937
3939
3939
3940
3942
3943
3943
3946
3947
3949
3949
3949
3949
3950
3953
3954
3954
3956
3958
3958
3958
3960
3961
3962
3963
3963
3964
3964
3966
3967
3968
3969
3969
3971
3972
3972
3973
3974
3975
3977
3978
3983
3983
3983
3984
3986
3987
3989
3990
3993
3995
3996
3996
3997
3997
3997
3998
4000
4000
4000
4001
4002
4002
4002
4002
4004
4007
4008
4008
4009
4013
4014
4014
4014
4014
4016
4018
4019
4021
4022
4023
4023
4023
4025
4026
4027
4028
4029
4029
4030
4031
4033
4033
4034
4035
4035
4037
4038
4039
4040
4041
4042
4042
4042
4042
4045
4046
4047
4047
4048
4050
4051
4054
4055
4055
4056
4057
4057
4057
4061
4061
4061
4061
4062
4063
4063
4063
4065
4065
4065
4065
4067
4068
4070
4070
4072
4073
4073
4074
4074
4075
4076
4076
4077
4077
4078
4078
4079
4084
4084
4084
4085
4085
4085
4087
4088
4089
4091
4091
4092
4093
4095
4095
4100
4102
4103
4103
4103
4104
4104
4104
4105
4107
4107
4107
4108
4109
4114
4116
4116
4116
4116
4117
4121
4124
4124
4125
4125
4125
4126
4128
4128
4129
4129
4129
4130
4131
4133
4135
4136
4137
4137
4141
4143
4144
4145
4145
4146
4147
4147
4147
4148
4148
4148
4149
4149
4149
4149
4151
4152
4153
4156
4159
4162
4164
4165
4166
4166
4168
4168
4168
4170
4176
4177
4178
4178
4179
4180
4182
4182
4183
4184
4184
4186
4186
4186
4186
4190
4190
4192
4193
4195
4196
4200
4200
4202
4205
4205
4207
4207
4207
4208
4210
4212
4213
4216
4216
4218
4218
4219
4222
4222
4223
4224
4226
4226
4226
4227
4229
4229
4229
4229
4231
4232
4233
4233
4234
4235
4236
4236
4238
4238
4238
4239
4243
4243
4243
4244
4245
4247
4249
4250
4252
4256
4256
4257
4258
4259
4259
4260
4261
4262
4262
4263
4264
4264
4264
4265
4266
4266
4269
4271
4272
4275
4276
4280
4280
4281
4281
4281
4282
4283
4283
4285
4287
4287
4291
4291
4291
4291
4292
4292
4293
4294
4296
4296
4297
4299
4299
4300
4302
4302
4303
4304
4304
4304
4305
4305
4306
4307
4308
4311
4311
4313
4314
4314
4314
4315
4316
4317
4319
4319
4320
4322
4326
4329
4329
4331
4332
4332
4334
4334
4339
4341
4342
4343
4345
4345
4348
4350
4351
4351
4351
4351
4351
4353
4353
4353
4354
4355
4356
4357
4361
4363
4363
4365
4366
4367
4367
4369
4369
4370
4373
4373
4374
4375
4376
4377
4379
4383
4384
4385
4385
4386
4388
4390
4391
4391
4392
4393
4393
4394
4396
4398
4399
4399
4401
4402
4402
4407
4408
4409
4409
4409
4411
4411
4411
4413
4413
4413
4414
4415
4415
4415
4415
4416
4418
4418
4418
4418
4418
4419
4419
4420
4420
4422
4424
4425
4425
4425
4426
4427
4427
4430
4431
4431
4432
4433
4435
4436
4436
4437
4438
4438
4439
4439
4439
4441
4441
4444
4449
4449
4451
4452
4455
4456
4456
4459
4460
4460
4460
4461
4462
4463
4463
4465
4466
4466
4466
4468
4469
4470
4472
4472
4472
4474
4474
4475
4477
4478
4478
4479
4481
4481
4482
4482
4483
4485
4486
4487
4487
4490
4490
4491
4493
4496
4498
4498
4499
4499
4500
4501
4502
4502
4505
4507
4508
4508
4508
4509
4509
4510
4510
4510
4510
4510
4511
4514
4516
4519
4519
4520
4520
4522
4522
4524
4524
4524
4525
4525
4527
4527
4527
4528
4529
4530
4533
4533
4534
4536
4537
4537
4539
4540
4541
4542
4542
4543
4543
4543
4544
4545
4547
4547
4549
4550
4550
4550
4551
4552
4552
4552
4555
4555
4555
4559
4560
4561
4562
4564
4565
4566
4567
4568
4569
4569
4571
4572
4572
4573
4573
4575
4578
4579
4579
4579
4580
4581
4581
4582
4583
4585
4589
4589
4591
4592
4592
4593
4595
4596
4596
4601
4602
4603
4603
4603
4604
4607
4607
4608
4609
4610
4611
4612
4612
4612
4613
4614
4614
4615
4616
4617
4618
4619
4620
4621
4623
4624
4624
4625
4626
4629
4629
4629
4630
4633
4633
4633
4634
4635
4636
4636
4636
4637
4640
4641
4641
4642
4642
4642
4643
4643
4644
4644
4645
4645
4647
4647
4648
4649
4651
4651
4651
4653
4655
4657
4657
4658
4659
4659
4660
4660
4662
4663
4663
4663
4664
4666
4667
4667
4667
4668
4668
4669
4671
4672
4673
4674
4674
4674
4675
4676
4676
4677
4677
4678
4678
4679
4680
4681
4682
4683
4684
4684
4685
4687
4687
4687
4689
4689
4689
4690
4692
4693
4694
4695
4697
4698
4699
4699
4699
4699
4700
4700
4701
4703
4703
4704
4705
4705
4708
4709
4711
4711
4711
4711
4711
4712
4714
4715
4715
4715
4716
4718
4719
4719
4723
4723
4724
4725
4726
4727
4728
4728
4729
4729
4729
4730
4730
4732
4732
4734
4734
4735
4735
4736
4736
4737
4741
4743
4744
4745
4745
4747
4747
4749
4749
4749
4750
4751
4751
4751
4752
4755
4756
4757
4757
4758
4758
4760
4762
4763
4764
4765
4765
4766
4766
4766
4766
4767
4769
4769
4771
4772
4772
4772
4773
4773
4774
4775
4777
4777
4777
4781
4783
4785
4785
4786
4786
4788
4791
4792
4795
4795
4795
4796
4797
4798
4802
4802
4802
4803
4806
4806
4807
4807
4808
4808
4808
4808
4808
4809
4809
4810
4811
4811
4812
4814
4814
4818
4820
4820
4821
4822
4824
4826
4827
4827
4828
4829
4830
4831
4832
4833
4835
4835
4836
4836
4837
4837
4837
4839
4839
4839
4840
4841
4842
4842
4842
4844
4844
4845
4846
4847
4847
4849
4849
4849
4850
4852
4852
4853
4853
4854
4856
4857
4857
4859
4859
4861
4861
4862
4862
4862
4864
4865
4865
4865
4867
4867
4870
4870
4870
4870
4871
4872
4872
4872
4872
4873
4875
4876
4876
4877
4877
4877
4877
4877
4879
4880
4881
4881
4881
4882
4882
4882
4882
4884
4885
4891
4892
4892
4893
4894
4894
4894
4895
4897
4898
4901
4901
4902
4903
4903
4905
4905
4906
4907
4907
4909
4909
4914
4914
4919
4920
4920
4921
4921
4921
4924
4924
4925
4928
4929
4929
4931
4932
4932
4934
4935
4935
4936
4936
4938
4938
4939
4941
4944
4945
4946
4947
4947
4948
4949
4950
4951
4952
4954
4954
4955
4958
4960
4962
4963
4964
4967
4967
4968
4968
4968
4969
4969
4970
4970
4971
4972
4973
4973
4974
4974
4975
4975
4975
4977
4978
4981
4982
4984
4984
4984
4984
4985
4985
4986
4988
4989
4990
4992
4992
4994
4994
4994
4995
4995
4996
4998
4999
4999
5000
5002
5003
5003
5009
5009
5010
5011
5011
5011
5012
5014
5016
5017
5020
5023
5023
5027
5028
5030
5031
5037
5037
5038
5039
5039
5039
5040
5044
5045
5046
5047
5049
5050
5052
5053
5053
5055
5056
5057
5058
5058
5059
5060
5061
5062
5062
5063
5064
5065
5065
5065
5066
5067
5068
5070
5071
5071
5072
5074
5075
5079
5080
5080
5081
5082
5083
5087
5087
5089
5089
5089
5089
5092
5092
5093
5093
5094
5095
5095
5096
5096
5096
5097
5097
5098
5099
5101
5102
5102
5103
5103
5104
5105
5105
5105
5105
5107
5107
5108
5109
5110
5110
5112
5113
5115
5115
5117
5117
5118
5119
5119
5120
5121
5122
5123
5124
5125
5126
5126
5127
5129
5129
5130
5132
5135
5135
5136
5136
5136
5138
5138
5141
5141
5143
5143
5143
5143
5143
5144
5145
5146
5146
5147
5147
5148
5150
5151
5151
5156
5157
5158
5159
5159
5163
5163
5163
5165
5166
5166
5166
5167
5167
5168
5173
5173
5173
5173
5174
5175
5176
5176
5177
5177
5178
5178
5179
5179
5179
5180
5180
5181
5182
5182
5182
5182
5182
5183
5183
5184
5184
5185
5185
5187
5188
5188
5189
5190
5190
5190
5193
5195
5195
5196
5197
5197
5197
5198
5198
5198
5198
5199
5200
5201
5202
5204
5205
5206
5207
5207
5207
5207
5208
5211
5211
5213
5216
5217
5218
5219
5219
5220
5221
5221
5222
5224
5224
5224
5227
5228
5228
5231
5232
5233
5233
5234
5235
5235
5236
5236
5237
5237
5239
5239
5239
5239
5240
5241
5243
5245
5252
5252
5252
5253
5253
5254
5254
5254
5255
5255
5256
5256
5258
5259
5265
5266
5267
5267
5268
5270
5272
5273
5273
5275
5276
5278
5278
5280
5281
5281
5281
5282
5283
5284
5285
5286
5289
5289
5289
5290
5292
5294
5296
5297
5298
5299
5299
5302
5302
5303
5303
5304
5304
5304
5305
5306
5306
5306
5306
5307
5308
5308
5309
5309
5310
5311
5312
5314
5317
5319
5320
5320
5322
5322
5323
5325
5326
5326
5327
5328
5328
5331
5332
5332
5332
5332
5334
5334
5335
5335
5336
5336
5336
5338
5338
5339
5339
5339
5341
5346
5347
5350
5350
5355
5355
5357
5358
5359
5361
5363
5364
5364
5365
5367
5370
5370
5370
5371
5371
5372
5374
5375
5376
5376
5377
5377
5378
5378
5379
5380
5380
5381
5382
5383
5383
5384
5384
5385
5385
5387
5390
5390
5390
5391
5392
5393
5393
5396
5398
5398
5400
5404
5409
5409
5410
5410
5411
5411
5411
5411
5413
5413
5413
5414
5417
5417
5417
5419
5422
5424
5425
5428
5429
5431
5431
5433
5433
5437
5438
5439
5439
5439
5441
5442
5443
5443
5445
5447
5447
5448
5451
5451
5453
5453
5453
5454
5455
5456
5457
5458
5459
5460
5461
5462
5462
5466
5466
5470
5471
5471
5471
5472
5473
5473
5474
5474
5475
5475
5476
5476
5477
5477
5478
5478
5479
5480
5480
5480
5481
5481
5482
5482
5483
5483
5483
5483
5485
5487
5488
5489
5489
5490
5492
5493
5495
5495
5496
5498
5499
5501
5501
5502
5502
5502
5503
5503
5504
5504
5505
5506
5506
5511
5512
5512
5513
5514
5514
5516
5516
5516
5517
5517
5518
5520
5521
5522
5522
5523
5523
5526
5527
5527
5528
5528
5529
5529
5530
5531
5531
5531
5533
5533
5534
5534
5536
5539
5540
5541
5542
5542
5543
5544
5546
5547
5547
5547
5548
5548
5550
5551
5552
5553
5553
5554
5554
5555
5556
5556
5556
5557
5557
5559
5559
5560
5562
5563
5564
5564
5567
5567
5568
5570
5572
5572
5572
5572
5572
5572
5573
5574
5574
5576
5577
5579
5580
5580
5582
5582
5582
5582
5584
5584
5584
5585
5587
5588
5588
5589
5589
5590
5591
5591
5594
5594
5595
5596
5596
5599
5599
5600
5600
5601
5601
5603
5606
5606
5607
5608
5608
5611
5612
5613
5614
5615
5615
5616
5616
5617
5618
5622
5625
5625
5627
5628
5628
5629
5630
5632
5633
5633
5633
5635
5636
5637
5637
5639
5639
5640
5641
5642
5644
5644
5644
5645
5645
5645
5647
5647
5648
5649
5649
5650
5650
5650
5652
5652
5653
5653
5653
5654
5656
5657
5658
5660
5661
5661
5663
5664
5665
5666
5666
5671
5671
5672
5672
5673
5673
5673
5674
5675
5677
5677
5678
5679
5680
5681
5682
5682
5684
5688
5691
5693
5696
5696
5698
5701
5702
5702
5703
5704
5707
5708
5709
5711
5711
5712
5713
5715
5716
5717
5718
5719
5720
5720
5720
5721
5722
5725
5727
5730
5737
5738
5738
5739
5740
5743
5743
5743
5744
5744
5745
5745
5746
5747
5748
5749
5750
5751
5751
5752
5754
5754
5754
5756
5756
5756
5756
5758
5758
5759
5762
5763
5764
5765
5766
5768
5769
5770
5771
5776
5777
5777
5778
5778
5779
5779
5779
5779
5780
5780
5781
5782
5782
5782
5782
5783
5783
5783
5783
5784
5784
5785
5785
5786
5786
5786
5787
5787
5787
5791
5791
5792
5792
5794
5796
5799
5799
5800
5803
5803
5804
5804
5804
5804
5806
5807
5807
5808
5809
5810
5811
5811
5811
5811
5811
5811
5812
5812
5813
5814
5815
5815
5815
5816
5816
5817
5818
5818
5820
5821
5822
5822
5824
5828
5829
5830
5831
5832
5832
5833
5833
5834
5834
5835
5836
5838
5838
5842
5846
5846
5847
5848
5849
5849
5850
5850
5853
5853
5854
5855
5855
5856
5857
5859
5860
5861
5863
5863
5864
5865
5865
5867
5869
5869
5870
5872
5875
5876
5877
5878
5881
5881
5881
5883
5883
5883
5883
5885
5887
5888
5888
5889
5890
5890
5890
5891
5891
5891
5892
5892
5893
5893
5893
5894
5898
5899
5900
5902
5903
5904
5910
5910
5913
5914
5914
5915
5915
5915
5915
5917
5918
5921
5926
5927
5928
5930
5931
5932
5935
5935
5936
5937
5938
5939
5939
5944
5946
5949
5951
5952
5953
5953
5956
5956
5957
5958
5960
5963
5963
5963
5964
5966
5966
5967
5969
5969
5970
5972
5972
5973
5975
5978
5978
5979
5979
5979
5980
5980
5980
5981
5982
5982
5984
5984
5984
5985
5990
5992
5993
5995
5995
5997
5999
6003
6003
6006
6007
6008
6009
6011
6011
6013
6016
6016
6019
6019
6020
6021
6021
6021
6022
6023
6023
6024
6026
6027
6028
6029
6029
6029
6030
6031
6031
6032
6033
6033
6033
6034
6035
6038
6038
6039
6039
6040
6040
6043
6044
6045
6047
6048
6048
6049
6050
6050
6051
6054
6054
6056
6056
6056
6059
6060
6060
6060
6063
6064
6068
6068
6070
6070
6071
6072
6072
6072
6073
6074
6076
6077
6078
6078
6080
6080
6080
6082
6082
6083
6087
6091
6093
6099
6099
6099
6101
6101
6101
6103
6105
6107
6108
6108
6113
6113
6113
6114
6114
6115
6118
6119
6120
6121
6122
6123
6124
6126
6128
6130
6131
6131
6132
6132
6133
6136
6136
6138
6139
6140
6140
6143
6143
6146
6149
6149
6153
6153
6154
6155
6158
6162
6163
6164
6164
6165
6165
6166
6167
6168
6168
6170
6171
6172
6173
6174
6174
6175
6176
6176
6178
6180
6180
6180
6181
6181
6183
6183
6184
6186
6186
6186
6190
6191
6191
6192
6192
6194
6194
6195
6196
6197
6197
6198
6201
6203
6203
6204
6205
6206
6206
6207
6208
6210
6211
6212
6212
6214
6214
6214
6215
6215
6216
6216
6218
6220
6220
6224
6225
6227
6227
6227
6229
6230
6230
6233
6233
6234
6235
6237
6238
6239
6240
6241
6243
6243
6244
6245
6246
6246
6247
6248
6248
6249
6250
6251
6251
6251
6252
6254
6255
6256
6256
6257
6257
6258
6260
6261
6262
6262
6264
6265
6267
6268
6272
6273
6273
6275
6277
6278
6278
6279
6279
6282
6282
6283
6284
6286
6286
6289
6295
6297
6298
6299
6301
6306
6309
6310
6310
6314
6314
6316
6319
6321
6322
6323
6324
6324
6325
6326
6327
6327
6328
6328
6329
6330
6331
6331
6332
6333
6334
6334
6338
6339
6339
6339
6341
6341
6343
6343
6347
6347
6349
6349
6351
6351
6355
6355
6356
6357
6357
6359
6360
6361
6361
6362
6362
6367
6367
6368
6369
6369
6370
6370
6370
6372
6372
6373
6374
6374
6378
6378
6379
6379
6379
6380
6381
6382
6383
6383
6384
6386
6388
6388
6388
6389
6390
6393
6394
6399
6400
6400
6401
6401
6401
6403
6403
6403
6403
6406
6406
6407
6408
6408
6409
6411
6412
6413
6414
6414
6415
6415
6416
6417
6418
6418
6418
6419
6419
6419
6420
6420
6420
6421
6422
6422
6423
6424
6426
6426
6427
6427
6428
6430
6430
6432
6433
6435
6439
6440
6441
6443
6444
6446
6446
6447
6447
6447
6449
6449
6452
6453
6454
6454
6455
6456
6460
6461
6462
6463
6463
6463
6464
6464
6467
6468
6469
6469
6470
6470
6471
6473
6473
6473
6473
6474
6475
6475
6476
6479
6480
6483
6484
6488
6488
6489
6490
6492
6496
6497
6498
6499
6499
6500
6503
6504
6506
6507
6507
6507
6509
6509
6510
6511
6513
6513
6515
6516
6516
6517
6519
6521
6521
6521
6522
6522
6523
6527
6529
6529
6530
6530
6532
6533
6534
6535
6536
6537
6538
6539
6539
6541
6543
6545
6545
6546
6546
6547
6547
6548
6548
6548
6549
6550
6550
6550
6551
6551
6552
6554
6554
6557
6558
6558
6560
6562
6562
6564
6564
6564
6564
6565
6565
6565
6566
6566
6569
6570
6571
6571
6573
6573
6573
6575
6576
6577
6577
6578
6579
6579
6579
6579
6580
6580
6580
6581
6581
6582
6583
6584
6585
6586
6586
6588
6589
6589
6590
6591
6594
6598
6600
6602
6602
6602
6606
6607
6608
6608
6608
6608
6611
6613
6613
6613
6613
6616
6617
6618
6618
6620
6621
6624
6624
6624
6625
6625
6625
6625
6627
6627
6628
6628
6629
6629
6629
6635
6638
6641
6642
6643
6643
6643
6643
6644
6645
6645
6646
6647
6647
6647
6648
6648
6648
6648
6648
6649
6649
6649
6654
6654
6654
6655
6656
6656
6656
6656
6657
6659
6660
6661
6663
6664
6664
6665
6667
6668
6668
6670
6671
6671
6672
6672
6673
6676
6677
6677
6677
6678
6679
6681
6681
6683
6683
6683
6686
6687
6688
6689
6689
6690
6691
6695
6696
6698
6699
6699
6701
6702
6703
6704
6704
6706
6707
6707
6708
6708
6709
6709
6711
6712
6714
6714
6718
6719
6724
6724
6725
6725
6727
6728
6728
6729
6731
6732
6733
6736
6740
6742
6743
6745
6745
6747
6748
6750
6750
6750
6751
6752
6753
6755
6757
6758
6759
6760
6761
6762
6762
6762
6762
6763
6764
6764
6764
6766
6766
6772
6772
6772
6774
6774
6775
6776
6776
6777
6778
6778
6778
6779
6779
6781
6782
6782
6783
6784
6788
6789
6789
6790
6792
6792
6792
6794
6797
6797
6798
6798
6800
6801
6801
6801
6804
6805
6807
6807
6807
6808
6811
6814
6814
6814
6815
6815
6818
6819
6819
6820
6821
6821
6822
6822
6826
6829
6829
6831
6832
6832
6832
6833
6834
6835
6836
6836
6836
6836
6838
6838
6839
6840
6840
6840
6842
6843
6844
6845
6847
6848
6850
6850
6850
6851
6851
6852
6853
6854
6855
6856
6857
6860
6861
6861
6861
6864
6864
6864
6864
6865
6865
6865
6866
6866
6869
6871
6873
6873
6876
6877
6877
6878
6878
6879
6880
6882
6882
6882
6883
6886
6888
6889
6892
6892
6893
6895
6896
6897
6897
6898
6898
6898
6899
6901
6901
6902
6903
6904
6904
6905
6905
6908
6909
6909
6911
6913
6913
6914
6914
6914
6915
6915
6916
6917
6917
6917
6917
6919
6922
6922
6923
6924
6925
6926
6927
6927
6929
6932
6934
6935
6936
6936
6936
6937
6938
6938
6940
6941
6941
6942
6942
6943
6944
6944
6945
6946
6946
6946
6946
6947
6947
6948
6950
6951
6951
6952
6952
6953
6953
6954
6954
6956
6957
6958
6960
6962
6962
6963
6963
6965
6965
6966
6966
6966
6967
6967
6967
6968
6968
6970
6970
6972
6972
6973
6974
6975
6978
6980
6980
6983
6983
6983
6986
6987
6987
6988
6988
6989
6990
6993
6996
6997
6998
6999
7000
7001
7001
7001
7001
7003
7004
7004
7004
7005
7009
7009
7009
7011
7011
7012
7012
7012
7014
7014
7015
7015
7017
7017
7020
7020
7020
7021
7021
7023
7025
7025
7025
7026
7027
7028
7028
7029
7029
7029
7029
7030
7037
7042
7043
7043
7045
7047
7047
7049
7050
7053
7054
7054
7055
7057
7057
7058
7058
7059
7059
7059
7061
7062
7062
7063
7063
7066
7066
7067
7067
7067
7069
7070
7071
7071
7071
7073
7074
7075
7076
7080
7080
7081
7081
7086
7086
7086
7088
7090
7090
7090
7094
7094
7095
7096
7096
7097
7099
7099
7099
7099
7100
7100
7101
7102
7102
7104
7105
7108
7110
7110
7111
7111
7113
7113
7114
7115
7119
7120
7121
7122
7123
7123
7123
7124
7129
7130
7131
7131
7133
7133
7133
7135
7137
7138
7139
7139
7140
7141
7141
7141
7142
7142
7144
7144
7144
7145
7145
7146
7148
7151
7151
7152
7153
7154
7154
7154
7155
7157
7159
7160
7160
7160
7162
7163
7164
7165
7165
7166
7166
7167
7169
7169
7170
7170
7171
7171
7171
7171
7174
7175
7176
7178
7178
7178
7178
7178
7180
7181
7182
7182
7183
7183
7184
7184
7185
7187
7187
7192
7192
7193
7193
7193
7195
7196
7199
7201
7201
7202
7203
7206
7206
7206
7209
7210
7210
7212
7213
7214
7216
7217
7217
7218
7218
7218
7223
7223
7225
7226
7226
7227
7228
7228
7228
7231
7232
7235
7236
7238
7239
7239
7241
7243
7243
7244
7245
7248
7249
7251
7252
7254
7254
7255
7257
7258
7259
7260
7261
7261
7261
7262
7262
7263
7265
7265
7265
7266
7266
7266
7267
7272
7274
7274
7275
7278
7278
7279
7280
7282
7282
7284
7289
7289
7289
7290
7290
7290
7290
7291
7293
7294
7295
7297
7297
7298
7298
7299
7299
7300
7300
7301
7301
7302
7306
7306
7307
7308
7309
7309
7310
7311
7311
7312
7314
7315
7315
7315
7316
7316
7320
7322
7322
7325
7328
7329
7330
7331
7332
7333
7333
7336
7337
7338
7339
7339
7340
7340
7341
7341
7343
7344
7344
7345
7347
7348
7348
7350
7350
7351
7353
7354
7354
7354
7355
7356
7358
7358
7360
7361
7361
7363
7364
7364
7366
7366
7367
7367
7368
7369
7369
7370
7370
7371
7373
7374
7375
7375
7375
7376
7376
7377
7378
7378
7379
7379
7384
7385
7386
7387
7387
7388
7391
7393
7393
7393
7393
7394
7395
7395
7396
7396
7397
7397
7398
7401
7402
7403
7404
7404
7405
7406
7406
7408
7408
7409
7410
7410
7411
7412
7413
7413
7413
7413
7417
7418
7420
7422
7422
7422
7425
7426
7429
7429
7430
7432
7433
7434
7436
7436
7438
7439
7439
7440
7441
7441
7444
7445
7446
7447
7448
7448
7448
7449
7451
7452
7452
7454
7455
7455
7456
7457
7458
7459
7459
7459
7459
7460
7460
7460
7460
7461
7462
7464
7464
7466
7466
7468
7469
7469
7469
7470
7473
7475
7477
7478
7478
7478
7479
7479
7481
7481
7481
7482
7482
7484
7485
7490
7493
7496
7496
7497
7498
7499
7499
7500
7501
7501
7502
7502
7503
7509
7510
7513
7513
7513
7513
7516
7517
7518
7518
7520
7522
7522
7525
7526
7527
7528
7529
7529
7532
7534
7538
7539
7539
7539
7541
7542
7542
7543
7545
7546
7550
7551
7552
7553
7553
7555
7555
7555
7557
7557
7558
7559
7561
7563
7563
7563
7564
7564
7566
7566
7566
7566
7566
7567
7568
7570
7571
7572
7573
7574
7578
7579
7579
7579
7580
7582
7582
7584
7584
7584
7585
7586
7587
7587
7588
7590
7592
7592
7594
7594
7594
7595
7597
7598
7598
7608
7609
7609
7609
7609
7610
7610
7612
7612
7613
7613
7613
7613
7614
7614
7614
7615
7615
7615
7617
7618
7619
7619
7620
7620
7622
7623
7623
7625
7627
7627
7629
7629
7630
7630
7634
7634
7634
7634
7635
7636
7637
7639
7639
7640
7641
7643
7644
7646
7646
7647
7649
7650
7650
7651
7652
7652
7652
7655
7656
7656
7657
7658
7659
7661
7662
7662
7662
7663
7665
7665
7667
7668
7668
7670
7674
7675
7676
7677
7677
7677
7677
7678
7678
7678
7678
7679
7681
7682
7685
7685
7688
7688
7689
7690
7691
7693
7694
7695
7697
7698
7698
7700
7700
7701
7704
7704
7706
7706
7708
7708
7708
7709
7709
7710
7711
7712
7714
7714
7715
7716
7718
7719
7719
7722
7722
7722
7723
7724
7725
7725
7727
7728
7728
7732
7733
7733
7733
7735
7736
7736
7737
7737
7740
7740
7742
7743
7744
7744
7744
7745
7746
7746
7746
7749
7749
7751
7752
7754
7755
7756
7756
7756
7757
7757
7759
7760
7760
7762
7765
7765
7766
7767
7768
7769
7769
7770
7771
7771
7773
7774
7774
7775
7775
7777
7777
7779
7779
7780
7782
7784
7784
7784
7784
7785
7789
7791
7791
7792
7792
7793
7793
7794
7794
7794
7795
7796
7797
7797
7798
7798
7799
7800
7803
7803
7804
7805
7805
7806
7807
7808
7809
7809
7810
7810
7812
7813
7814
7814
7815
7816
7817
7818
7820
7821
7822
7822
7823
7823
7823
7824
7825
7825
7825
7826
7827
7827
7828
7829
7830
7830
7832
7832
7833
7835
7835
7836
7837
7837
7839
7839
7840
7840
7842
7843
7844
7844
7846
7846
7846
7846
7846
7848
7851
7851
7852
7856
7857
7857
7857
7858
7859
7861
7863
7866
7866
7867
7870
7870
7870
7872
7872
7873
7874
7875
7875
7876
7876
7876
7876
7879
7881
7884
7886
7887
7888
7889
7889
7891
7892
7893
7894
7894
7895
7896
7896
7899
7900
7901
7902
7903
7904
7905
7905
7906
7907
7907
7907
7908
7909
7909
7912
7913
7915
7915
7916
7916
7916
7917
7917
7918
7918
7919
7919
7921
7922
7922
7925
7926
7926
7927
7927
7928
7928
7928
7930
7931
7936
7936
7939
7942
7942
7943
7943
7945
7946
7948
7948
7948
7948
7948
7949
7950
7952
7952
7952
7953
7953
7956
7957
7957
7958
7958
7959
7961
7961
7962
7964
7964
7966
7966
7967
7968
7970
7970
7971
7972
7972
7972
7973
7973
7975
7976
7976
7978
7981
7982
7982
7984
7984
7985
7985
7986
7987
7988
7989
7991
7993
7994
7994
7995
7995
7996
7997
7997
8000
8001
8003
8004
8005
8007
8008
8008
8009
8010
8010
8012
8012
8013
8015
8018
8021
8021
8022
8024
8026
8026
8027
8029
8031
8031
8033
8033
8034
8035
8035
8036
8036
8036
8036
8037
8037
8038
8039
8039
8039
8039
8040
8040
8041
8042
8043
8046
8046
8048
8048
8049
8049
8051
8053
8053
8054
8056
8056
8058
8059
8059
8060
8061
8061
8062
8063
8065
8065
8065
8065
8066
8069
8070
8072
8073
8078
8078
8079
8079
8079
8080
8081
8082
8083
8083
8083
8085
8085
8086
8086
8088
8088
8089
8089
8089
8091
8091
8092
8092
8093
8093
8096
8097
8097
8098
8099
8099
8100
8101
8102
8102
8105
8106
8106
8107
8108
8109
8110
8112
8113
8114
8114
8114
8118
8118
8119
8120
8120
8121
8122
8123
8123
8124
8124
8125
8126
8127
8128
8129
8129
8130
8130
8130
8130
8131
8132
8133
8137
8137
8139
8139
8142
8142
8143
8143
8143
8145
8146
8148
8148
8148
8151
8151
8154
8154
8159
8159
8161
8162
8164
8164
8164
8168
8168
8171
8171
8172
8174
8175
8177
8177
8177
8178
8181
8182
8184
8184
8184
8185
8187
8188
8188
8188
8190
8190
8190
8191
8191
8192
8192
8194
8194
8195
8196
8198
8198
8199
8200
8200
8200
8201
8202
8202
8203
8203
8205
8207
8207
8207
8207
8208
8208
8209
8209
8209
8211
8212
8212
8214
8214
8215
8215
8215
8216
8218
8219
8221
8221
8221
8222
8223
8224
8225
8226
8226
8227
8227
8228
8231
8231
8232
8232
8234
8235
8236
8236
8237
8237
8237
8238
8240
8240
8241
8241
8242
8242
8242
8242
8242
8242
8243
8243
8246
8247
8248
8248
8250
8251
8251
8252
8253
8253
8254
8256
8257
8257
8258
8262
8262
8263
8265
8266
8266
8267
8268
8268
8270
8270
8270
8272
8272
8272
8273
8275
8277
8278
8278
8278
8279
8279
8279
8279
8281
8283
8283
8285
8285
8286
8287
8289
8290
8290
8292
8292
8297
8298
8299
8301
8302
8305
8305
8306
8309
8310
8310
8311
8313
8313
8313
8314
8314
8315
8318
8318
8320
8320
8321
8322
8327
8329
8330
8330
8330
8332
8332
8333
8334
8334
8338
8338
8338
8340
8340
8341
8344
8346
8346
8349
8349
8350
8351
8352
8352
8353
8353
8354
8354
8354
8355
8355
8356
8357
8357
8357
8358
8358
8359
8359
8359
8363
8364
8365
8367
8367
8370
8371
8371
8373
8373
8374
8375
8375
8376
8378
8378
8378
8378
8379
8379
8379
8381
8381
8382
8383
8385
8386
8387
8389
8389
8390
8391
8393
8393
8394
8394
8397
8398
8398
8399
8400
8402
8403
8404
8404
8406
8406
8406
8408
8412
8412
8413
8415
8418
8418
8418
8419
8420
8421
8422
8423
8423
8426
8427
8427
8427
8427
8428
8429
8429
8430
8430
8431
8434
8435
8435
8436
8439
8439
8439
8440
8442
8442
8442
8444
8445
8447
8448
8449
8449
8450
8450
8452
8452
8452
8453
8456
8458
8459
8461
8462
8463
8463
8465
8465
8465
8465
8465
8466
8467
8471
8472
8474
8474
8477
8478
8478
8478
8480
8480
8484
8486
8488
8490
8490
8491
8491
8492
8492
8493
8493
8494
8497
8498
8498
8498
8499
8500
8500
8503
8504
8504
8504
8505
8505
8506
8507
8510
8510
8510
8510
8512
8512
8513
8514
8515
8517
8517
8518
8519
8519
8519
8522
8522
8525
8525
8527
8530
8535
8535
8536
8538
8541
8545
8545
8545
8549
8549
8551
8551
8551
8552
8553
8554
8555
8555
8556
8557
8559
8559
8560
8560
8561
8563
8564
8564
8565
8566
8567
8567
8567
8569
8569
8569
8570
8571
8571
8571
8572
8573
8574
8574
8575
8576
8577
8577
8577
8580
8580
8581
8583
8583
8584
8585
8586
8588
8588
8589
8589
8591
8592
8593
8595
8595
8596
8596
8597
8598
8598
8599
8599
8601
8601
8601
8603
8603
8603
8604
8604
8606
8608
8608
8609
8611
8611
8612
8614
8614
8614
8615
8617
8617
8618
8619
8620
8622
8623
8623
8623
8624
8625
8625
8626
8626
8627
8630
8630
8632
8634
8634
8638
8640
8641
8642
8643
8644
8645
8646
8646
8646
8652
8653
8655
8655
8656
8660
8660
8661
8661
8661
8661
8665
8667
8668
8669
8670
8670
8672
8673
8673
8675
8676
8676
8677
8679
8679
8680
8682
8685
8686
8688
8689
8689
8689
8690
8693
8695
8698
8705
8707
8707
8709
8711
8711
8713
8716
8718
8719
8720
8721
8722
8724
8725
8725
8727
8728
8729
8730
8731
8734
8734
8734
8734
8736
8736
8736
8737
8737
8737
8738
8738
8739
8740
8740
8740
8740
8741
8742
8742
8745
8745
8747
8748
8748
8749
8751
8752
8753
8754
8755
8756
8757
8759
8760
8760
8763
8763
8764
8765
8765
8767
8767
8771
8772
8773
8774
8775
8777
8778
8779
8780
8782
8783
8785
8786
8787
8788
8788
8789
8790
8790
8795
8796
8796
8796
8796
8797
8798
8800
8801
8801
8801
8804
8804
8804
8805
8805
8807
8807
8808
8810
8810
8811
8812
8813
8813
8813
8814
8814
8815
8815
8815
8815
8816
8816
8819
8821
8822
8822
8823
8825
8825
8826
8827
8828
8828
8828
8829
8830
8831
8833
8835
8835
8835
8835
8835
8838
8839
8840
8841
8843
8849
8850
8850
8852
8852
8853
8853
8853
8855
8855
8855
8855
8856
8856
8856
8858
8858
8859
8859
8862
8862
8864
8865
8866
8866
8866
8867
8867
8867
8867
8868
8869
8872
8872
8874
8875
8875
8876
8877
8878
8878
8879
8880
8880
8881
8882
8883
8883
8885
8885
8887
8887
8888
8888
8889
8892
8893
8895
8899
8899
8901
8901
8905
8905
8906
8908
8908
8909
8909
8910
8912
8913
8915
8915
8916
8916
8916
8918
8920
8921
8922
8922
8923
8925
8925
8925
8925
8926
8928
8928
8928
8929
8930
8930
8931
8932
8933
8934
8935
8935
8937
8940
8943
8943
8944
8944
8945
8945
8946
8947
8949
8949
8951
8951
8952
8954
8956
8956
8957
8958
8959
8960
8962
8962
8963
8963
8964
8965
8966
8966
8966
8969
8969
8969
8969
8969
8970
8970
8971
8972
8972
8976
8976
8977
8977
8977
8977
8981
8982
8982
8982
8983
8983
8984
8984
8985
8985
8985
8988
8988
8990
8991
8992
8993
8993
8997
8998
8998
9001
9002
9003
9004
9005
9007
9007
9010
9010
9011
9014
9016
9016
9018
9018
9018
9019
9019
9019
9021
9021
9024
9024
9024
9025
9025
9025
9026
9027
9027
9028
9028
9029
9031
9031
9031
9033
9033
9033
9034
9034
9035
9035
9036
9036
9037
9038
9039
9039
9040
9041
9041
9044
9046
9049
9049
9050
9052
9052
9052
9052
9053
9054
9054
9055
9056
9057
9057
9059
9061
9061
9062
9065
9066
9066
9066
9066
9068
9069
9070
9070
9070
9070
9073
9074
9074
9075
9076
9077
9079
9079
9079
9079
9080
9081
9081
9082
9083
9083
9083
9084
9084
9085
9085
9085
9085
9087
9089
9089
9089
9090
9091
9092
9092
9092
9093
9093
9094
9094
9094
9095
9096
9098
9099
9099
9099
9100
9103
9103
9104
9108
9110
9112
9113
9113
9114
9118
9119
9119
9120
9121
9121
9124
9126
9126
9127
9127
9128
9129
9132
9132
9135
9136
9136
9138
9138
9138
9139
9141
9141
9142
9143
9146
9146
9146
9147
9148
9148
9148
9151
9151
9151
9152
9156
9156
9156
9158
9162
9162
9162
9163
9164
9164
9165
9165
9167
9168
9169
9169
9169
9173
9173
9174
9174
9176
9177
9179
9180
9180
9182
9183
9183
9184
9185
9186
9187
9187
9187
9188
9188
9189
9191
9192
9192
9194
9195
9196
9200
9200
9202
9203
9205
9205
9205
9209
9210
9210
9211
9213
9214
9214
9215
9216
9216
9216
9217
9217
9217
9218
9218
9221
9222
9223
9224
9224
9226
9226
9226
9226
9228
9229
9229
9229
9232
9234
9234
9236
9237
9237
9240
9241
9241
9244
9246
9247
9247
9248
9249
9250
9251
9251
9252
9254
9255
9255
9257
9258
9262
9263
9265
9266
9267
9267
9268
9268
9269
9271
9271
9271
9272
9273
9273
9273
9276
9278
9278
9279
9279
9281
9282
9282
9283
9283
9283
9283
9286
9287
9289
9289
9290
9291
9292
9292
9293
9293
9294
9296
9296
9296
9297
9298
9298
9299
9300
9301
9301
9302
9302
9302
9304
9305
9307
9310
9310
9311
9311
9311
9312
9313
9314
9317
9317
9319
9319
9320
9320
9323
9323
9324
9324
9325
9328
9331
9331
9331
9332
9334
9338
9339
9339
9340
9341
9342
9344
9345
9345
9345
9349
9349
9350
9351
9352
9353
9354
9357
9360
9362
9362
9363
9363
9365
9365
9366
9366
9367
9367
9368
9369
9374
9375
9375
9375
9378
9378
9383
9383
9385
9385
9387
9389
9390
9391
9394
9394
9395
9395
9401
9403
9403
9404
9405
9405
9405
9406
9406
9407
9408
9408
9409
9412
9412
9415
9415
9415
9416
9416
9418
9418
9419
9420
9420
9421
9421
9422
9424
9424
9425
9427
9427
9427
9428
9429
9429
9430
9431
9431
9433
9433
9438
9440
9441
9441
9442
9444
9444
9445
9446
9446
9449
9453
9455
9457
9458
9458
9459
9459
9460
9460
9462
9462
9463
9463
9465
9465
9465
9466
9468
9468
9468
9468
9468
9468
9469
9469
9471
9471
9473
9477
9482
9483
9486
9487
9488
9490
9492
9492
9492
9492
9494
9495
9496
9498
9498
9500
9501
9503
9507
9508
9508
9508
9509
9512
9515
9518
9518
9518
9519
9522
9523
9524
9524
9525
9525
9526
9526
9528
9529
9529
9529
9530
9532
9534
9534
9535
9535
9537
9538
9538
9538
9540
9541
9541
9541
9541
9543
9543
9545
9546
9547
9547
9548
9552
9554
9557
9558
9559
9560
9561
9562
9564
9564
9565
9567
9569
9571
9571
9571
9575
9576
9576
9576
9577
9577
9579
9579
9581
9581
9582
9583
9586
9587
9591
9591
9592
9595
9596
9596
9597
9600
9602
9602
9605
9606
9608
9609
9610
9611
9612
9613
9615
9615
9615
9617
9617
9618
9618
9619
9620
9620
9621
9621
9622
9622
9625
9629
9629
9630
9631
9632
9632
9634
9634
9637
9637
9638
9639
9642
9643
9643
9644
9644
9645
9645
9647
9647
9649
9649
9650
9652
9652
9653
9655
9656
9656
9658
9658
9659
9661
9661
9662
9662
9662
9664
9665
9667
9667
9667
9668
9669
9669
9670
9672
9674
9675
9677
9679
9681
9683
9685
9687
9687
9688
9689
9691
9692
9693
9693
9694
9695
9695
9696
9696
9696
9697
9698
9699
9701
9702
9703
9704
9705
9707
9707
9707
9708
9708
9709
9711
9711
9713
9714
9714
9716
9717
9718
9718
9718
9720
9720
9721
9723
9726
9729
9732
9732
9733
9735
9735
9736
9736
9738
9738
9738
9738
9739
9739
9741
9742
9742
9743
9743
9743
9743
9745
9749
9749
9750
9751
9752
9752
9752
9753
9755
9755
9759
9760
9761
9762
9763
9763
9765
9767
9768
9771
9772
9773
9773
9773
9774
9774
9775
9776
9778
9782
9783
9783
9785
9788
9789
9789
9789
9790
9792
9793
9793
9794
9795
9796
9796
9796
9797
9798
9799
9800
9801
9804
9805
9806
9808
9809
9810
9811
9813
9813
9815
9817
9817
9817
9818
9818
9818
9819
9819
9822
9823
9824
9824
9824
9824
9825
9826
9827
9827
9828
9828
9829
9832
9835
9836
9837
9837
9838
9839
9840
9840
9840
9841
9842
9843
9843
9844
9845
9845
9846
9846
9847
9847
9848
9850
9851
9853
9853
9856
9857
9858
9859
9859
9862
9864
9865
9870
9870
9871
9874
9874
9876
9876
9878
9881
9881
9881
9884
9885
9891
9891
9893
9893
9894
9895
9895
9896
9897
9897
9899
9900
9900
9901
9901
9901
9905
9906
9908
9908
9909
9912
9912
9913
9913
9915
9916
9919
9921
9922
9925
9925
9926
9927
9929
9930
9931
9932
9934
9934
9936
9938
9938
9939
9940
9940
9940
9941
9942
9944
9945
9945
9946
9948
9950
9950
9952
9953
9955
9955
9957
9958
9958
9958
9959
9960
9961
9961
9961
9961
9962
9963
9963
9964
9966
9966
9967
9968
9968
9968
9970
9970
9970
9972
9974
9974
9979
9981
9982
9986
9987
9989
9990
9990
9992
9994
9994
9994
9995
9997
9997
10000